{
  "partijen": [
    "Forum voor Democratie",
    "VVD",
    "Democratische Liberalen Wassenaar",
    "CDA",
    "Hart voor Wassenaar",
    "Lokaal Wassenaar",
    "D66",
    "Volt",
    "GroenLinks-PvdA"
  ],
  "kleuren": [
    "#8B0000",
    "#FF7700",
    "#D4A017",
    "#6ABF4B",
    "#8B4513",
    "#2A9D8F",
    "#00A8E8",
    "#502379",
    "#4CAF50"
  ],
  "thema_labels": [
    "Totaal",
    "Bestuur en ondersteuning",
    "Veiligheid",
    "Verkeer, vervoer en waterstaat",
    "Economie",
    "Onderwijs",
    "Sport, cultuur en recreatie",
    "Sociaal domein",
    "Volksgezondheid en milieu",
    "Volkshuisvesting, leefomgeving en stedelijke vernieuwing"
  ],
  "short_labels": [
    "Totaal",
    "Bestuur",
    "Veiligheid",
    "Verkeer",
    "Economie",
    "Onderwijs",
    "Sport/cultuur",
    "Sociaal",
    "Gezondheid/milieu",
    "Wonen"
  ],
  "matrices": {
    "Totaal": [
      [
        0,
        49,
        59,
        61,
        59,
        58,
        52,
        55,
        80
      ],
      [
        49,
        0,
        67,
        66,
        59,
        52,
        36,
        61,
        59
      ],
      [
        59,
        67,
        0,
        56,
        77,
        70,
        48,
        46,
        41
      ],
      [
        61,
        66,
        56,
        0,
        56,
        53,
        45,
        72,
        66
      ],
      [
        59,
        59,
        77,
        56,
        0,
        93,
        57,
        55,
        60
      ],
      [
        58,
        52,
        70,
        53,
        93,
        0,
        73,
        67,
        62
      ],
      [
        52,
        36,
        48,
        45,
        57,
        73,
        0,
        55,
        45
      ],
      [
        55,
        61,
        46,
        72,
        55,
        67,
        55,
        0,
        64
      ],
      [
        80,
        59,
        41,
        66,
        60,
        62,
        45,
        64,
        0
      ]
    ],
    "Bestuur en ondersteuning": [
      [
        0,
        40,
        54,
        53,
        53,
        57,
        44,
        46,
        63
      ],
      [
        40,
        0,
        56,
        53,
        49,
        47,
        30,
        47,
        46
      ],
      [
        54,
        56,
        0,
        53,
        70,
        73,
        45,
        42,
        39
      ],
      [
        53,
        53,
        53,
        0,
        52,
        55,
        40,
        58,
        54
      ],
      [
        53,
        49,
        70,
        52,
        0,
        86,
        50,
        47,
        51
      ],
      [
        57,
        47,
        73,
        55,
        86,
        0,
        65,
        60,
        57
      ],
      [
        44,
        30,
        45,
        40,
        50,
        65,
        0,
        44,
        38
      ],
      [
        46,
        47,
        42,
        58,
        47,
        60,
        44,
        0,
        50
      ],
      [
        63,
        46,
        39,
        54,
        51,
        57,
        38,
        50,
        0
      ]
    ],
    "Veiligheid": [
      [
        0,
        57,
        69,
        43,
        61,
        63,
        57,
        38,
        56
      ],
      [
        57,
        0,
        68,
        46,
        56,
        54,
        41,
        43,
        41
      ],
      [
        69,
        68,
        0,
        39,
        72,
        70,
        53,
        32,
        29
      ],
      [
        43,
        46,
        39,
        0,
        39,
        37,
        32,
        50,
        46
      ],
      [
        61,
        56,
        72,
        39,
        0,
        80,
        53,
        38,
        42
      ],
      [
        63,
        54,
        70,
        37,
        80,
        0,
        67,
        47,
        43
      ],
      [
        57,
        41,
        53,
        32,
        53,
        67,
        0,
        38,
        32
      ],
      [
        38,
        43,
        32,
        50,
        38,
        47,
        38,
        0,
        45
      ],
      [
        56,
        41,
        29,
        46,
        42,
        43,
        32,
        45,
        0
      ]
    ],
    "Verkeer, vervoer en waterstaat": [
      [
        0,
        52,
        50,
        49,
        50,
        58,
        59,
        47,
        73
      ],
      [
        52,
        0,
        56,
        52,
        50,
        55,
        49,
        51,
        60
      ],
      [
        50,
        56,
        0,
        42,
        58,
        57,
        45,
        36,
        37
      ],
      [
        49,
        52,
        42,
        0,
        42,
        43,
        39,
        53,
        52
      ],
      [
        50,
        50,
        58,
        42,
        0,
        74,
        51,
        42,
        50
      ],
      [
        58,
        55,
        57,
        43,
        74,
        0,
        74,
        55,
        61
      ],
      [
        59,
        49,
        45,
        39,
        51,
        74,
        0,
        49,
        55
      ],
      [
        47,
        51,
        36,
        53,
        42,
        55,
        49,
        0,
        53
      ],
      [
        73,
        60,
        37,
        52,
        50,
        61,
        55,
        53,
        0
      ]
    ],
    "Economie": [
      [
        0,
        34,
        56,
        57,
        41,
        54,
        56,
        52,
        72
      ],
      [
        34,
        0,
        47,
        46,
        41,
        36,
        25,
        43,
        41
      ],
      [
        56,
        47,
        0,
        46,
        54,
        55,
        43,
        39,
        37
      ],
      [
        57,
        46,
        46,
        0,
        39,
        43,
        41,
        57,
        54
      ],
      [
        41,
        41,
        54,
        39,
        0,
        65,
        40,
        38,
        42
      ],
      [
        54,
        36,
        55,
        43,
        65,
        0,
        60,
        53,
        50
      ],
      [
        56,
        25,
        43,
        41,
        40,
        60,
        0,
        47,
        42
      ],
      [
        52,
        43,
        39,
        57,
        38,
        53,
        47,
        0,
        52
      ],
      [
        72,
        41,
        37,
        54,
        42,
        50,
        42,
        52,
        0
      ]
    ],
    "Onderwijs": [
      [
        0,
        34,
        41,
        43,
        41,
        41,
        36,
        38,
        56
      ],
      [
        34,
        0,
        67,
        67,
        41,
        36,
        25,
        59,
        41
      ],
      [
        41,
        67,
        0,
        53,
        54,
        49,
        34,
        44,
        29
      ],
      [
        43,
        67,
        53,
        0,
        39,
        37,
        32,
        62,
        46
      ],
      [
        41,
        41,
        54,
        39,
        0,
        65,
        40,
        38,
        42
      ],
      [
        41,
        36,
        49,
        37,
        65,
        0,
        51,
        47,
        43
      ],
      [
        36,
        25,
        34,
        32,
        40,
        51,
        0,
        38,
        32
      ],
      [
        38,
        59,
        44,
        62,
        38,
        47,
        38,
        0,
        45
      ],
      [
        56,
        41,
        29,
        46,
        42,
        43,
        32,
        45,
        0
      ]
    ],
    "Sport, cultuur en recreatie": [
      [
        0,
        50,
        61,
        43,
        62,
        67,
        56,
        56,
        69
      ],
      [
        50,
        0,
        61,
        46,
        56,
        55,
        39,
        55,
        50
      ],
      [
        61,
        61,
        0,
        39,
        72,
        72,
        51,
        47,
        40
      ],
      [
        43,
        46,
        39,
        0,
        39,
        37,
        32,
        50,
        46
      ],
      [
        62,
        56,
        72,
        39,
        0,
        89,
        58,
        54,
        54
      ],
      [
        67,
        55,
        72,
        37,
        89,
        0,
        74,
        67,
        58
      ],
      [
        56,
        39,
        51,
        32,
        58,
        74,
        0,
        53,
        43
      ],
      [
        56,
        55,
        47,
        50,
        54,
        67,
        53,
        0,
        54
      ],
      [
        69,
        50,
        40,
        46,
        54,
        58,
        43,
        54,
        0
      ]
    ],
    "Sociaal domein": [
      [
        0,
        42,
        55,
        67,
        41,
        60,
        63,
        65,
        79
      ],
      [
        42,
        0,
        51,
        53,
        41,
        42,
        32,
        50,
        47
      ],
      [
        55,
        51,
        0,
        50,
        54,
        58,
        46,
        45,
        39
      ],
      [
        67,
        53,
        50,
        0,
        39,
        53,
        53,
        72,
        64
      ],
      [
        41,
        41,
        54,
        39,
        0,
        65,
        40,
        38,
        42
      ],
      [
        60,
        42,
        58,
        53,
        65,
        0,
        69,
        64,
        58
      ],
      [
        63,
        32,
        46,
        53,
        40,
        69,
        0,
        62,
        52
      ],
      [
        65,
        50,
        45,
        72,
        38,
        64,
        62,
        0,
        65
      ],
      [
        79,
        47,
        39,
        64,
        42,
        58,
        52,
        65,
        0
      ]
    ],
    "Volksgezondheid en milieu": [
      [
        0,
        63,
        63,
        66,
        50,
        41,
        36,
        38,
        77
      ],
      [
        63,
        0,
        67,
        68,
        50,
        36,
        25,
        43,
        62
      ],
      [
        63,
        67,
        0,
        55,
        60,
        49,
        34,
        32,
        44
      ],
      [
        66,
        68,
        55,
        0,
        46,
        37,
        32,
        50,
        62
      ],
      [
        50,
        50,
        60,
        46,
        0,
        65,
        40,
        38,
        48
      ],
      [
        41,
        36,
        49,
        37,
        65,
        0,
        51,
        47,
        43
      ],
      [
        36,
        25,
        34,
        32,
        40,
        51,
        0,
        38,
        32
      ],
      [
        38,
        43,
        32,
        50,
        38,
        47,
        38,
        0,
        45
      ],
      [
        77,
        62,
        44,
        62,
        48,
        43,
        32,
        45,
        0
      ]
    ],
    "Volkshuisvesting, leefomgeving en stedelijke vernieuwing": [
      [
        0,
        61,
        57,
        63,
        66,
        69,
        36,
        60,
        85
      ],
      [
        61,
        0,
        61,
        66,
        65,
        63,
        25,
        63,
        69
      ],
      [
        57,
        61,
        0,
        50,
        67,
        64,
        34,
        44,
        45
      ],
      [
        63,
        66,
        50,
        0,
        57,
        58,
        32,
        66,
        67
      ],
      [
        66,
        65,
        67,
        57,
        0,
        90,
        40,
        58,
        67
      ],
      [
        69,
        63,
        64,
        58,
        90,
        0,
        51,
        69,
        73
      ],
      [
        36,
        25,
        34,
        32,
        40,
        51,
        0,
        38,
        32
      ],
      [
        60,
        63,
        44,
        66,
        58,
        69,
        38,
        0,
        67
      ],
      [
        85,
        69,
        45,
        67,
        67,
        73,
        32,
        67,
        0
      ]
    ]
  },
  "spectrum_2d": [
    [
      0.85,
      -0.8
    ],
    [
      0.6,
      0.15
    ],
    [
      -0.15,
      0.35
    ],
    [
      0.45,
      0.05
    ],
    [
      0.55,
      -0.55
    ],
    [
      0.05,
      0.0
    ],
    [
      -0.35,
      0.55
    ],
    [
      -0.55,
      0.7
    ],
    [
      -0.85,
      0.75
    ]
  ]
}